#Name	Charge	Finite-Size	Chem Pot (B-rich)	Chem Pot (N-rich)	Total_energy(removed)	Total_energy(added)	Total Energy (eV)
B_N1	-1	0.270113	-2.563770	0.000000	-8.325982	-6.704191	-1866.696016
B_N1	-2	1.080454	-2.563770	0.000000	-8.325982	-6.704191	-1857.161544
B_N1	-3	2.431021	-2.563770	0.000000	-8.325982	-6.704191	-1844.973348
B_N1	-4	4.321815	-2.563770	0.000000	-8.325982	-6.704191	-1832.772242
B_N1	0	0.000000	-2.563770	0.000000	-8.325982	-6.704191	-1875.519351
B_N1	1	0.270113	-2.563770	0.000000	-8.325982	-6.704191	-1883.743559
B_N1	2	1.080454	-2.563770	0.000000	-8.325982	-6.704191	-1891.545455
B_N1	3	2.431021	-2.563770	0.000000	-8.325982	-6.704191	-1898.844619
B_N1	4	4.321815	-2.563770	0.000000	-8.325982	-6.704191	-1906.133620
